#Vertexes
3.9999616146087646 4.0 0.0 0xFFFFFFFF
3.9999616146087646 6.0 0.0 0xFFFFFFFF
5.999885082244873 6.0 0.0 0xFFFFFFFF
5.999885082244873 4.0 0.0 0xFFFFFFFF
-5.999885082244873 4.0 0.0 0xFFFFFFFF
-5.999885082244873 6.0 0.0 0xFFFFFFFF
-3.9999616146087646 6.0 0.0 0xFFFFFFFF
-3.9999616146087646 4.0 0.0 0xFFFFFFFF
-0.9999904036521912 6.0 0.0 0xFFFFFFFF
-0.9999904036521912 5.0 0.0 0xFFFFFFFF
0.9999904036521912 5.0 0.0 0xFFFFFFFF
0.9999904036521912 6.0 0.0 0xFFFFFFFF
-3.9999616146087646 1.0 0.0 0xFFFFFFFF
3.9999616146087646 1.0 0.0 0xFFFFFFFF
-5.999885082244873 1.0 0.0 0xFFFFFFFF
5.999885082244873 1.0 0.0 0xFFFFFFFF
3.9999616146087646 -1.0 0.0 0xFFFFFFFF
5.999885082244873 -1.0 0.0 0xFFFFFFFF
-5.999885082244873 -1.0 0.0 0xFFFFFFFF
-3.9999616146087646 -1.0 0.0 0xFFFFFFFF
5.999885082244873 4.0 4.0 0xFFFFFFFF
5.999885082244873 6.0 4.0 0xFFFFFFFF
5.999885082244873 6.0 7.0 0xFFFFFFFF
5.999885082244873 4.0 7.0 0xFFFFFFFF
3.9999616146087646 6.0 4.0 0xFFFFFFFF
3.9999616146087646 4.0 4.0 0xFFFFFFFF
3.9999616146087646 4.0 7.0 0xFFFFFFFF
3.9999616146087646 6.0 7.0 0xFFFFFFFF
-3.9999616146087646 6.0 4.0 0xFFFFFFFF
-3.9999616146087646 4.0 4.0 0xFFFFFFFF
1.0 6.0 4.0 0xFFFFFFFF
-1.0 6.0 4.0 0xFFFFFFFF
-3.9999616146087646 1.0 4.0 0xFFFFFFFF
3.9999616146087646 1.0 4.0 0xFFFFFFFF
-5.999885082244873 1.0 4.0 0xFFFFFFFF
-5.999885082244873 4.0 4.0 0xFFFFFFFF
5.999885082244873 1.0 4.0 0xFFFFFFFF
3.9999616146087646 -1.0 4.0 0xFFFFFFFF
5.999885082244873 -1.0 4.0 0xFFFFFFFF
5.999885082244873 -1.0 7.0 0xFFFFFFFF
3.9999616146087646 -1.0 7.0 0xFFFFFFFF
-3.9999616146087646 -1.0 4.0 0xFFFFFFFF
-0.999995231628418 6.0 3.0 0xFFFFFFFF
-5.999885082244873 -1.0 4.0 0xFFFFFFFF
-5.999885082244873 6.0 4.0 0xFFFFFFFF
-5.999885082244873 1.0 7.0 0xFFFFFFFF
-5.999885082244873 -1.0 7.0 0xFFFFFFFF
-4.999923229217529 0.0 8.0 0xFFFFFFFF
4.999923229217529 5.0 8.0 0xFFFFFFFF
5.999885082244873 1.0 7.0 0xFFFFFFFF
3.9999616146087646 1.0 7.0 0xFFFFFFFF
4.999923229217529 0.0 8.0 0xFFFFFFFF
-3.9999616146087646 4.0 7.0 0xFFFFFFFF
-3.9999616146087646 6.0 7.0 0xFFFFFFFF
-4.999923229217529 5.0 8.0 0xFFFFFFFF
-5.999885082244873 4.0 7.0 0xFFFFFFFF
-5.999885082244873 6.0 7.0 0xFFFFFFFF
-3.9999616146087646 -1.0 7.0 0xFFFFFFFF
-3.9999616146087646 1.0 7.0 0xFFFFFFFF
-1.4907610416412354 1.0092389583587646 4.000550270080566 0xFFFFFFFF
-1.4907610416412354 3.9907610416412354 4.000550270080566 0xFFFFFFFF
1.4907610416412354 3.9907610416412354 4.000550270080566 0xFFFFFFFF
1.4907610416412354 1.0092389583587646 4.000550270080566 0xFFFFFFFF
1.4907610416412354 1.0092389583587646 7.0 0xFFFFFFFF
1.4907610416412354 3.9907610416412354 7.0 0xFFFFFFFF
1.7587541341781616 4.258754253387451 7.0 0xFFFFFFFF
1.7587541341781616 0.7412458658218384 7.0 0xFFFFFFFF
-1.4907610416412354 3.9907610416412354 7.0 0xFFFFFFFF
-1.4907610416412354 1.0092389583587646 7.0 0xFFFFFFFF
-1.7587541341781616 4.258754253387451 7.0 0xFFFFFFFF
-1.7587541341781616 4.258754253387451 9.0 0xFFFFFFFF
1.7587541341781616 4.258754253387451 9.0 0xFFFFFFFF
-1.7587541341781616 0.7412458658218384 7.0 0xFFFFFFFF
1.7587541341781616 0.7412458658218384 9.0 0xFFFFFFFF
0.0 2.5 11.0 0xFFFFFFFF
-1.7587541341781616 0.7412458658218384 9.0 0xFFFFFFFF
0.999995231628418 6.0 3.0 0xFFFFFFFF
0.999995231628418 5.0 3.0 0xFFFFFFFF
-0.999995231628418 5.0 3.0 0xFFFFFFFF
#Edges
1 2
1 3
1 4
1 8
1 11
1 13
1 14
2 3
2 11
2 12
2 25
3 4
3 22
3 25
4 14
4 16
4 21
4 22
5 6
5 7
5 8
5 15
5 35
5 36
6 7
6 36
6 45
7 8
7 9
7 10
7 29
7 32
7 43
7 45
8 10
8 11
8 13
8 15
9 10
9 43
9 79
10 11
10 79
11 12
11 77
11 78
11 79
12 25
12 31
12 77
13 14
13 15
13 19
13 20
14 16
14 17
14 20
15 19
15 35
15 44
16 17
16 18
16 21
16 37
17 18
17 20
17 38
17 39
18 37
18 39
19 20
19 42
19 44
20 38
20 42
21 22
21 23
21 24
21 26
21 34
21 37
22 23
22 25
22 28
23 24
23 28
23 49
24 26
24 27
24 49
25 26
25 27
25 28
25 31
26 27
26 29
26 30
26 31
26 32
26 33
26 34
27 28
27 49
28 49
29 30
29 32
29 45
29 54
29 57
30 33
30 35
30 36
30 53
30 54
31 32
31 77
32 43
32 77
33 34
33 35
33 42
33 46
33 59
34 37
34 38
34 41
34 42
34 51
35 36
35 44
35 46
35 47
36 45
36 53
36 56
37 39
37 50
37 51
38 39
38 40
38 41
38 42
39 40
39 50
40 41
40 50
40 52
41 51
41 52
42 44
42 58
42 59
43 77
43 78
43 79
44 47
44 58
45 56
45 57
46 47
46 48
46 59
47 48
47 58
48 58
48 59
50 51
50 52
51 52
53 54
53 55
53 56
54 55
54 57
55 56
55 57
56 57
58 59
60 61
60 62
60 63
60 64
60 69
61 62
61 68
61 69
62 63
62 65
62 68
63 64
63 65
64 65
64 66
64 67
64 69
65 66
65 68
65 70
66 67
66 70
66 71
66 72
67 69
67 72
67 73
67 74
68 69
68 70
68 73
69 73
70 71
70 73
70 76
71 72
71 75
71 76
72 74
72 75
73 74
73 76
74 75
74 76
75 76
77 78
78 79
#triangles
1 2 3
1 3 4
5 6 7
5 7 8
7 9 10
11 12 2
8 7 10
11 2 1
8 10 11
11 1 8
13 8 1
13 1 14
15 5 8
15 8 13
14 1 4
14 4 16
17 14 16
17 16 18
19 15 13
19 13 20
20 13 14
20 14 17
21 22 23
21 23 24
25 26 27
25 27 28
29 30 26
26 25 31
32 29 26
26 31 32
33 34 26
33 26 30
35 33 30
35 30 36
34 37 21
34 21 26
26 21 24
26 24 27
38 39 40
38 40 41
42 38 34
42 34 33
43 9 7
7 29 32
7 32 43
19 20 42
19 42 44
16 4 21
16 21 37
18 16 37
18 37 39
17 18 39
17 39 38
20 17 38
20 38 42
4 3 22
4 22 21
3 2 25
3 25 22
7 6 45
7 45 29
6 5 36
6 36 45
5 15 35
5 35 36
15 19 44
15 44 35
46 47 48
28 27 49
50 51 52
53 54 55
45 36 56
45 56 57
29 45 57
29 57 54
39 37 50
39 50 40
44 42 58
44 58 47
42 33 59
42 59 58
34 38 41
34 41 51
22 25 28
22 28 23
37 34 51
37 51 50
33 35 46
33 46 59
35 44 47
35 47 46
36 30 53
36 53 56
30 29 54
30 54 53
59 46 48
57 56 55
41 40 52
56 53 55
24 23 49
27 24 49
54 57 55
40 50 52
47 58 48
58 59 48
23 28 49
51 41 52
60 61 62
60 62 63
64 65 66
64 66 67
62 61 68
62 68 65
60 63 64
60 64 69
63 62 65
63 65 64
61 60 69
61 69 68
66 70 71
66 71 72
68 69 73
68 73 70
65 68 70
65 70 66
69 64 67
69 67 73
74 72 75
73 67 74
73 74 76
67 66 72
67 72 74
70 73 76
70 76 71
71 76 75
72 71 75
76 74 75
25 2 12
12 77 31
12 31 25
77 43 32
77 32 31
77 12 11
77 11 78
11 10 79
11 79 78
9 43 79
9 79 10
43 77 78
43 78 79
